4294967278,14
4294967278,16
4294967278,15
4294967278,527
4294967278,526
4294967279,330
4294967278,21
4294967278,20
4294967278,19
4294967278,18
4294967278,17
4294967279,329
4294967278,252
10,6
10,5
4294967278,250
10,4
4294967278,249
4294967294,428
4294967279,328
4294967278,247
4294967278,243
4294967278,240
4294967278,238
10,8
10,7
4294967278,234
4294967278,237
4294967278,236
10,3
10,2
10,1
4294967278,235
4294967278,24
4294967278,23
4294967278,22
4294967278,220
4294967278,221
4294967278,218
4294967278,25
4294967278,214
4294967278,213
4294967278,525
4294967279,327
4294967278,212
4294967278,524
4294967278,28
4294967278,27
4294967278,26
4294967294,904
4294967294,439
4294967294,470
4294967294,468
4294967294,921
4294967278,210
4294967278,523
4294967278,32
4294967278,31
4294967278,30
4294967278,29
4,3
4294967279,326
4294967278,205
4294967278,522
4294967279,325
4294967278,204
4294967294,80
4294967294,75
4294967278,203
4294967279,324
4294967278,521
4294967278,36
4294967278,35
4294967278,34
4294967278,33
4294967278,201
4294967278,520
4294967279,323
4294967278,199
4294967278,198
4294967279,322
4294967278,519
4294967278,196
4294967278,40
4294967278,39
4294967278,38
4294967278,37
4294967279,36
4294967279,34
4294967279,32
4294967278,189
9,6
4294967278,188
9,5
9,4
4294967278,187
9,3
9,2
9,1
4294967278,518
4294967294,1416
4294967294,390
4294967278,186
4294967278,180
8,7
4294967278,179
8,6
8,5
4294967278,178
8,4
8,3
8,2
8,1
4294967279,321
4294967278,177
4294967294,38
4294967294,37
4294967294,36
4294967294,40
4294967294,39
4294967279,29
4294967279,27
4294967279,26
4294967279,25
4294967279,22
4294967279,20
4294967279,19
4294967279,18
4294967279,17
4294967279,16
4294967279,14
4294967279,13
4294967279,12
4294967279,11
4294967278,176
4294967278,517
4294967279,320
4294967278,173
4294967278,516
4294967279,319
4294967278,171
4294967294,41
4294967278,168
7,4
4294967278,167
7,3
7,2
7,1
4294967278,515
4294967294,393
4294967294,45
4294967294,53
4294967294,1
4294967294,1415
4294967294,2
4294967294,0
4294967294,419
4294967294,951
4294967294,187
4294967294,92
4294967294,91
4294967294,88
4294967294,87
4294967294,85
4294967278,166
4294967294,42
4294967279,318
4294967278,514
4294967279,317
4294967278,513
4294967279,316
4294967278,512
4294967279,315
4294967278,319
4294967279,314
4294967278,318
4294967279,313
4294967278,317
4294967279,312
4294967278,313
4294967279,311
4294967278,312
4294967279,310
4294967278,311
4294967278,310
4294967279,309
4294967278,316
4294967279,308
4294967278,315
4294967278,260
4294967278,0
4294967279,307
4294967279,260
4294967279,0
4294967294,22
4294967294,50
4294967294,52
4294967294,17
4294967294,99
4294967294,76
4294967294,83
4294967294,107
4294967294,84
4294967279,147
4294967294,94
4294967294,96
4294967279,146
6,4
6,3
6,2
6,1
4294967294,9
4294967294,8
0,7
4294967294,44
4294967294,424
4294967294,417
4294967294,950
4294967294,29
4294967294,413
4294967294,28
4294967294,915
4294967294,26
4294967294,90
4294967294,86
4294967294,469
4294967294,67
4294967294,30
4294967294,61
4294967294,81
4294967294,1414
4294967294,18
4294967294,127
4294967294,14
4294967294,126
4294967294,20
4294967294,13
4294967279,291
4294967279,290
4294967279,306
4294967279,138
4294967279,286
4294967279,134
4294967294,6
4294967294,5
4294967279,270
4,4
4294967278,132
4294967278,131
4294967278,130
4294967278,129
4294967278,128
4294967278,127
4294967278,126
4294967278,125
4294967278,124
4294967278,123
4294967278,122
4294967278,121
4294967278,120
4294967278,119
4294967278,118
4294967278,117
4294967278,116
4294967278,115
4294967278,114
4294967278,113
4294967278,112
4294967278,111
4294967278,110
4294967278,109
4294967278,108
4294967278,107
4294967278,106
4294967278,105
4294967278,104
4294967278,103
4294967278,102
4294967278,101
4294967278,100
4294967278,99
4294967278,98
4294967278,97
4294967278,96
4294967278,95
4294967278,94
